
time,npos,epos,alt,phi,theta,psi,vel,alpha,beta,p,q,r,nx,ny,nz,mach,qbar,ps,

 0.00000, 0.00000, 0.00000,1500.00000, 0.00000, 2.45249, 0.00000,500.00000, 2.45249, 0.00000, 0.00000, 0.00000, 0.00000, 0.04279, 0.00000, 0.99908, 0.45012,284.36676,2003.53230,2210.29373,-1.97764, 0.00000, 0.00000,
 0.10000,50.00000, 0.00000,1500.00000,-0.00000, 2.45249,-0.00000,500.00000, 2.45249, 0.00000,-0.00000, 0.00000,-0.00000, 0.04279, 0.00000, 0.99908, 0.45012,284.36676,2003.53230,2210.29373,-1.97764, 0.00000, 0.00000,
 0.20000,100.00000, 0.00000,1500.00000,-0.00000, 2.45249,-0.00000,500.00000, 2.45249, 0.00000,-0.00000, 0.00000,-0.00000, 0.04279, 0.00000, 0.99908, 0.45012,284.36676,2003.53230,2210.29373,-1.97764, 0.00000, 0.00000,
 0.30000,150.00000, 0.00000,1500.00000,-0.00000, 2.45249,-0.00000,500.00000, 2.45249, 0.00000,-0.00000, 0.00000,-0.00000, 0.04279,-0.00000, 0.99908, 0.45012,284.36676,2003.53230,2210.29373,-1.97764, 0.00000, 0.00000,
 0.40000,200.00000, 0.00000,1500.00000,-0.00000, 2.45249,-0.00000,500.00000, 2.45249, 0.00000,-0.00000, 0.00000,-0.00000, 0.04279,-0.00000, 0.99908, 0.45012,284.36676,2003.53230,2210.29373,-1.97764, 0.00000, 0.00000,
 0.50000,250.00000,-0.00000,1500.00000,-0.00000, 2.45249,-0.00000,500.00000, 2.45249, 0.00000,-0.00000, 0.00000,-0.00000, 0.04279,-0.00000, 0.99908, 0.45012,284.36676,2003.53230,2210.29373,-1.97764, 0.00000, 0.00000,
 0.60000,300.00000,-0.00000,1500.00000,-0.00000, 2.45249,-0.00000,500.00000, 2.45249, 0.00000,-0.00000, 0.00000,-0.00000, 0.04279,-0.00000, 0.99908, 0.45012,284.36676,2003.53230,2210.29373,-1.97764, 0.00000, 0.00000,
 0.70000,350.00000,-0.00000,1500.00000,-0.00000, 2.45249,-0.00000,500.00000, 2.45249, 0.00000,-0.00000, 0.00000,-0.00000, 0.04279,-0.00000, 0.99908, 0.45012,284.36676,2003.53230,2210.29373,-1.97764, 0.00000, 0.00000,
 0.80000,400.00000,-0.00000,1500.00000,-0.00000, 2.45249,-0.00000,500.00000, 2.45249, 0.00000,-0.00000, 0.00000,-0.00000, 0.04279,-0.00000, 0.99908, 0.45012,284.36676,2003.53230,2210.29373,-1.97764, 0.00000, 0.00000,
 0.90000,450.00000,-0.00000,1500.00000,-0.00000, 2.45249,-0.00000,500.00000, 2.45249, 0.00000,-0.00000, 0.00000,-0.00000, 0.04279,-0.00000, 0.99908, 0.45012,284.36676,2003.53230,2210.29373,-1.97764, 0.00000, 0.00000,
 1.00000,500.00000,-0.00000,1500.00000,-0.00000, 2.45249,-0.00000,500.00000, 2.45249, 0.00000,-0.00000, 0.00000,-0.00000, 0.04284,-0.00000, 0.99933, 0.45012,284.36676,2003.53230,2210.29373,-1.96978, 0.00000, 0.00000,
 1.10000,550.00056,-0.00000,1500.00703,-0.00000, 2.36347,-0.00000,500.00437, 2.34457, 0.00000,-0.00000,-2.43727,-0.00000, 0.03693,-0.00000, 1.04400, 0.45012,284.37168,2003.53178,2210.29373, 2.24406, 0.00000, 0.00000,
 1.20000,599.99992,-0.00000,1500.02227,-0.00000, 1.92005,-0.00000,499.98405, 1.91578, 0.00000,-0.00000,-6.42842,-0.00000, 0.02445,-0.00000, 0.85488, 0.45011,284.34844,2003.53067,2210.29373, 2.91911, 0.00000, 0.00000,
 1.30000,649.99802,-0.00000,1499.98877,-0.00000, 1.09174,-0.00000,499.98213, 1.18965, 0.00000,-0.00000,-10.03864,-0.00000, 0.01318,-0.00000, 0.58102, 0.45010,284.34653,2003.53312,2210.29373, 3.00866, 0.00000, 0.00000,
 1.40000,699.99660,-0.00000,1499.81941,-0.00000,-0.06651,-0.00000,499.99720, 0.24316, 0.00000,-0.00000,-13.01934,-0.00000, 0.00103,-0.00000, 0.26519, 0.45012,284.36508,2003.54551,2210.29373, 3.02054, 0.00000, 0.00000,
 1.50000,749.99555,-0.00000,1499.41252,-0.00000,-1.49518,-0.00000,500.01882,-0.85030, 0.00000,-0.00000,-15.53029,-0.00000,-0.00124,-0.00000,-0.09179, 0.45014,284.39308,2003.57528,2210.29373, 3.02212, 0.00000, 0.00000,
 1.60000,799.99277,-0.00000,1498.65366,-0.00000,-3.17225,-0.00000,500.04017,-2.05411, 0.00000,-0.00000,-18.02105,-0.00000,-0.00011,-0.00000,-0.48068, 0.45015,284.42371,2003.63081,2210.29373, 3.02233, 0.00000, 0.00000,
 1.70000,849.98062,-0.00000,1497.41792,-0.00000,-5.10369,-0.00000,500.01492,-3.36403, 0.00000,-0.00000,-20.64129,-0.00000, 0.00137,-0.00000,-0.89838, 0.45013,284.40533,2003.72123,2210.29373, 3.02235, 0.00000, 0.00000,
 1.80000,899.94219,-0.00000,1495.57173,-0.00000,-7.30976, 0.00000,499.88235,-4.78937, 0.00000,-0.00000,-23.54034,-0.00000, 0.00328,-0.00000,-1.34942, 0.45001,284.26997,2003.85632,2210.29373, 3.02236, 0.00000, 0.00000,
 1.90000,949.84742,-0.00000,1492.96748,-0.00000,-9.81109, 0.00000,499.54609,-6.31968, 0.00000,-0.00000,-26.33162,-0.00000, 0.00345,-0.00000,-1.94761, 0.44970,283.90940,2004.04690,2210.29373, 3.02236, 0.00000, 0.00000,
 2.00000,999.64551,-0.00000,1489.42526,-0.00000,-12.54052, 0.00000,498.89095,-7.85910, 0.00000,-0.00000,-28.07372,-0.00000, 0.00381,-0.00000,-2.52839, 0.44910,283.19473,2004.30615,2210.29373, 3.02236, 0.00000, 0.00000,
 2.10000,1049.26702,-0.00000,1484.76906,-0.00000,-15.38989, 0.00000,497.85705,-9.31820, 0.00000,-0.00000,-28.74299,-0.00000, 0.00447,-0.00000,-3.04845, 0.44817,282.06078,2004.64696,2210.29373, 3.02236, 0.00000, 0.00000,
 2.20000,1098.62893,-0.00000,1478.84761,-0.00000,-18.25818, 0.00000,496.42447,-10.62128, 0.00000,-0.00000,-28.48738,-0.00000, 0.00515,-0.00000,-3.49286, 0.44687,280.48870,2005.08045,2210.29373, 3.02236, 0.00000, 0.00000,
 2.30000,1147.64020,-0.00000,1471.53937,-0.00000,-21.06482, 0.00000,494.61716,-11.71669, 0.00000,-0.00000,-27.55625, 0.00000, 0.00573,-0.00000,-3.85266, 0.44523,278.50995,2005.61557,2210.29373, 3.02236, 0.00000, 0.00000,
 2.40000,1196.20803,-0.00000,1462.75463,-0.00000,-23.75616, 0.00000,492.49743,-12.58112, 0.00000,-0.00000,-26.22576, 0.00000, 0.00617,-0.00000,-4.12506, 0.44331,276.19924,2006.25894,2210.29373, 3.02236, 0.00000, 0.00000,
 2.50000,1244.24375, 0.00000,1452.43502,-0.00000,-26.30482, 0.00000,490.15312,-13.21705, 0.00000,-0.00000,-24.73843, 0.00000, 0.00653,-0.00000,-4.31345, 0.44118,273.65909,2007.01495,2210.29373, 3.02236, 0.00000, 0.00000,
 2.60000,1291.66730, 0.00000,1440.55065,-0.00000,-28.70463, 0.00000,487.68189,-13.64593, 0.00000,-0.00000,-23.27248, 0.00000, 0.00688,-0.00000,-4.42661, 0.43894,271.00129,2007.88587,2210.29373, 3.02236, 0.00000, 0.00000,
 2.70000,1338.40976, 0.00000,1427.09589,-0.00000,-30.96377, 0.00000,485.17720,-13.90005, 0.00000,-0.00000,-21.93828, 0.00000, 0.00728,-0.00000,-4.47694, 0.43666,268.33088,2008.87224,2210.29373, 3.02236, 0.00000, 0.00000,
 2.80000,1384.41408, 0.00000,1412.08420,-0.00000,-33.09854, 0.00000,482.71864,-14.01553, 0.00000,-0.00000,-20.79043, 0.00000, 0.00775, 0.00000,-4.47835, 0.43443,265.73557,2009.97321,2210.29373, 3.02236, 0.00000, 0.00000,
 2.90000,1429.63448, 0.00000,1395.54314,-0.00000,-35.12862, 0.00000,480.36746,-14.02746,-0.00000,-0.00000,-19.84464, 0.00000, 0.00829, 0.00000,-4.44446, 0.43228,263.28122,2011.18691,2210.29373, 3.02236, 0.00000, 0.00000,
 3.00000,1474.03490, 0.00000,1377.50977,-0.00000,-37.07396, 0.00000,478.16607,-13.96699,-0.00000,-0.00000,-19.09307, 0.00000, 0.00891, 0.00000,-4.38759, 0.43028,261.01196,2012.51077,2210.29373, 3.01450, 0.00000, 0.00000,
 3.10000,1517.58277, 0.00000,1358.01923,-0.00000,-38.85487, 0.00000,476.10475,-13.73217,-0.00000,-0.00000,-15.58365, 0.00000,-0.00469, 0.00000,-4.45343, 0.42839,258.91467,2013.94240,2210.29373,-2.98550, 0.00000, 0.00000,
 3.20000,1560.23642, 0.00000,1337.09724,-0.00000,-40.03610, 0.00000,474.17485,-12.91387,-0.00000,-0.00000,-7.76705, 0.00000,-0.03814, 0.00000,-4.23324, 0.42662,256.97783,2015.48009,2210.29373,-6.42182, 0.00000, 0.00000,
 3.30000,1602.01268, 0.00000,1314.82411,-0.00000,-40.43051, 0.00000,472.85792,-11.45834,-0.00000,-0.00000,-0.37651, 0.00000,-0.03768, 0.00000,-3.65758, 0.42541,255.71967,2017.11812,2210.29373,-6.90391, 0.00000, 0.00000,
 3.40000,1643.02111, 0.00000,1291.34466,-0.00000,-40.16225, 0.00000,472.41016,-9.59684,-0.00000,-0.00000, 5.51839,-0.00000,-0.02995, 0.00000,-2.87359, 0.42497,255.41169,2018.84603,2210.29373,-6.96786, 0.00000, 0.00000,
 3.50000,1683.42825, 0.00000,1266.84542,-0.00000,-39.36278, 0.00000,472.82577,-7.52902,-0.00000,-0.00000,10.33469,-0.00000,-0.01968, 0.00000,-1.96570, 0.42530,256.04546,2020.65026,2210.29373,-6.97634, 0.00000, 0.00000,
 3.60000,1723.43034, 0.00000,1241.54139,-0.00000,-38.11464, 0.00000,473.95649,-5.38051,-0.00000,-0.00000,14.56846,-0.00000,-0.00803, 0.00000,-0.97938, 0.42628,257.46276,2022.51511,2210.29373,-6.97747, 0.00000, 0.00000,
 3.70000,1763.22871, 0.00000,1215.66242,-0.00000,-36.45961, 0.00000,475.53961,-3.17127,-0.00000,-0.00000,18.43462,-0.00000,-0.00745, 0.00000,-0.25115, 0.42767,259.38259,2024.42378,2210.29373,-6.97762, 0.00000, 0.00000,
 3.80000,1802.97655, 0.00000,1189.39927,-0.00000,-34.45290, 0.00000,477.28952,-0.87703,-0.00000,-0.00000,21.55361,-0.00000,-0.00917, 0.00000, 0.43518, 0.42920,261.49658,2026.36226,2210.29373,-6.97764, 0.00000, 0.00000,
 3.90000,1842.80003, 0.00000,1162.93138,-0.00000,-32.17987, 0.00000,479.04553, 1.42089,-0.00000,-0.00000,23.76484,-0.00000, 0.01540, 0.00000, 1.08797, 0.43074,263.62898,2028.31736,2210.29373,-6.97764, 0.00000, 0.00000,
 4.00000,1882.81264, 0.00000,1136.43555,-0.00000,-29.72524, 0.00000,480.73095, 3.65912, 0.00000,-0.00000,25.20990,-0.00000, 0.05627,-0.00000, 1.70146, 0.43221,265.69376,2030.27605,2210.29373,-6.97764, 0.00000, 0.00000,
 4.10000,1923.11062, 0.00000,1110.08420,-0.00000,-27.16005, 0.00000,482.20817, 5.78240, 0.00000,-0.00000,25.97747,-0.00000, 0.10618,-0.00000, 2.26855, 0.43350,267.53589,2032.22557,2210.29373,-6.97764, 0.00000, 0.00000,
 4.20000,1963.77039, 0.00000,1084.04384,-0.00000,-24.55614, 0.00000,483.42169, 7.74546, 0.00000,-0.00000,25.97598,-0.00000, 0.16875,-0.00000, 2.76557, 0.43455,269.08958,2034.15357,2210.29373,-6.97764, 0.00000, 0.00000,
 4.30000,2004.84741, 0.00000,1058.46739,-0.00000,-21.98703, 0.00000,484.30178, 9.50186, 0.00000,-0.00000,25.30951,-0.00000, 0.22417,-0.00000, 3.19609, 0.43530,270.27289,2036.04865,2210.29373,-6.97764, 0.00000, 0.00000,
 4.40000,2046.37524, 0.00000,1033.49420,-0.00000,-19.50669,-0.00000,484.82631,11.02422, 0.00000,-0.00000,24.32084,-0.00000, 0.29488,-0.00000, 3.56357, 0.43574,271.05705,2037.90040,2210.29373,-6.97764, 0.00000, 0.00000,
 4.50000,2088.37405, 0.00000,1009.24737,-0.00000,-17.11345,-0.00000,485.04528,12.33382, 0.00000,-0.00000,23.58793,-0.00000, 0.36555,-0.00000, 3.88330, 0.43590,271.49485,2039.69960,2210.29373,-6.97764, 0.00000, 0.00000,
 4.60000,2130.85182, 0.00000,985.83744,-0.00000,-14.78125,-0.00000,484.94638,13.47384,-0.00000,-0.00000,23.09093,-0.00000, 0.42702, 0.00000, 4.16178, 0.43577,271.57043,2041.43790,2210.29373,-6.97764, 0.00000, 0.00000,
 4.70000,2173.80311, 0.00000,963.36463,-0.00000,-12.48906,-0.00000,484.52280,14.47958,-0.00000,-0.00000,22.78043,-0.00000, 0.48098, 0.00000, 4.40536, 0.43536,271.27481,2043.10774,2210.29373,-6.97764, 0.00000, 0.00000,
 4.80000,2217.21110, 0.00000,941.91968,-0.00000,-10.22092,-0.00000,483.76902,15.37945,-0.00000,-0.00000,22.57466,-0.00000, 0.51977, 0.00000, 4.61195, 0.43465,270.60139,2044.70224,2210.29373,-6.97764, 0.00000, 0.00000,
 4.90000,2261.04609, 0.00000,921.58250,-0.00000,-7.98238,-0.00000,482.65558,16.18492,-0.00000,-0.00000,22.15420,-0.00000, 0.54214, 0.00000, 4.77471, 0.43362,269.51773,2046.21529,2210.29373,-6.97764, 0.00000, 0.00000,
 5.00000,2305.26666, 0.00000,902.41957,-0.00000,-5.79725,-0.00000,481.20047,16.88618,-0.00000,-0.00000,21.51834,-0.00000, 0.56002, 0.00000, 4.90008, 0.43228,268.04551,2047.64180,2210.29373,-6.96978, 0.00000, 0.00000,
 5.10000,2349.82651, 0.00000,884.49040,-0.00000,-3.77439,-0.00000,479.41080,17.36913,-0.00000,-0.00000,18.26324,-0.00000, 0.57296, 0.00000, 5.02923, 0.43064,266.19515,2048.97720,2210.29373,-2.75594, 0.00000, 0.00000,
 5.20000,2394.67682, 0.00000,867.83518,-0.00000,-2.18921,-0.00000,477.47404,17.41848,-0.00000,-0.00000,13.45342,-0.00000, 0.56139, 0.00000, 4.91164, 0.42888,264.17752,2050.21834,2210.29373,-2.08089, 0.00000, 0.00000,
 5.30000,2439.76887, 0.00000,852.42765,-0.00000,-1.06695,-0.00000,475.61214,17.06705,-0.00000,-0.00000, 9.10816,-0.00000, 0.53899, 0.00000, 4.69518, 0.42718,262.23951,2051.36704,2210.29373,-1.99134, 0.00000, 0.00000,
 5.40000,2485.06332, 0.00000,838.20392,-0.00000,-0.34242,-0.00000,473.95903,16.40659,-0.00000,-0.00000, 5.51183,-0.00000, 0.51026, 0.00000, 4.42545, 0.42568,260.52819,2052.42795,2210.29373,-1.97946, 0.00000, 0.00000,
 5.50000,2530.53116, 0.00000,825.08046,-0.00000, 0.06120,-0.00000,472.58908,15.52947, 0.00000,-0.00000, 2.68750,-0.00000, 0.47804,-0.00000, 4.12799, 0.42443,259.12382,2053.40718,2210.29373,-1.97788, 0.00000, 0.00000,
 5.60000,2576.15179, 0.00000,812.96323,-0.00000, 0.21899,-0.00000,471.52348,14.51933, 0.00000,-0.00000, 0.55530,-0.00000, 0.43453,-0.00000, 3.81776, 0.42345,258.04810,2054.31166,2210.29373,-1.97767, 0.00000, 0.00000,
 5.70000,2621.90768, 0.00000,801.75286,-0.00000, 0.18200,-0.00000,470.71261,13.43482, 0.00000,-0.00000,-1.25618,-0.00000, 0.37833,-0.00000, 3.49876, 0.42271,257.24574,2055.14874,2210.29373,-1.97765, 0.00000, 0.00000,
 5.80000,2667.78194, 0.00000,791.34676,-0.00000,-0.02520,-0.00000,470.12722,12.30388, 0.00000,-0.00000,-2.85586,-0.00000, 0.32142,-0.00000, 3.17818, 0.42217,256.68447,2055.92600,2210.29373,-1.97764, 0.00000, 0.00000,
 5.90000,2713.76020, 0.00000,781.64145,-0.00000,-0.38343,-0.00000,469.73896,11.14681, 0.00000,-0.00000,-4.28276,-0.00000, 0.26444,-0.00000, 2.85890, 0.42180,256.33348,2056.65114,2210.29373,-1.97764, 0.00000, 0.00000,
 6.00000,2759.82976, 0.00000,772.53373,-0.00000,-0.87705,-0.00000,469.51514, 9.97920, 0.00000,-0.00000,-5.56841,-0.00000, 0.20828,-0.00000, 2.54298, 0.42159,256.15752,2057.33181,2210.29373,-1.97764, 0.00000, 0.00000,
 6.10000,2805.98004, 0.00000,763.92191,-0.00000,-1.48673,-0.00000,469.45675, 8.81660, 0.00000,-0.00000,-6.54821,-0.00000, 0.17602,-0.00000, 2.24395, 0.42152,256.15836,2057.97559,2210.29373,-1.97764, 0.00000, 0.00000,
 6.20000,2852.20564, 0.00000,755.70916,-0.00000,-2.17259,-0.00000,469.55889, 7.69119, 0.00000,-0.00000,-7.10488,-0.00000, 0.14562,-0.00000, 1.96546, 0.42160,256.33142,2058.58969,2210.29373,-1.97764, 0.00000, 0.00000,
 6.30000,2898.50198, 0.00000,747.80550,-0.00000,-2.89602,-0.00000,469.78242, 6.63303, 0.00000,-0.00000,-7.31076,-0.00000, 0.11754,-0.00000, 1.71208, 0.42179,256.63488,2059.18082,2210.29373,-1.97764, 0.00000, 0.00000,
 6.40000,2944.86386, 0.00000,740.12910,-0.00000,-3.62525,-0.00000,470.09193, 5.66355, 0.00000,-0.00000,-7.23144,-0.00000, 0.09209,-0.00000, 1.48677, 0.42206,257.03087,2059.75508,2210.29373,-1.97764, 0.00000, 0.00000,
 6.50000,2991.28554, 0.00000,732.60729,-0.00000,-4.33478,-0.00000,470.45905, 4.79683, 0.00000,-0.00000,-6.92756,-0.00000, 0.07244,-0.00000, 1.29154, 0.42238,257.48913,2060.31790,2210.29373,-1.97764, 0.00000, 0.00000,
 6.60000,3037.76211, 0.00000,725.17713,-0.00000,-5.00630,-0.00000,470.88598, 4.03883, 0.00000,-0.00000,-6.48552,-0.00000, 0.06371,-0.00000, 1.12629, 0.42275,258.01275,2060.87398,2210.29373,-1.97764, 0.00000, 0.00000,
 6.70000,3084.29070,-0.00000,717.78515,-0.00000,-5.62901,-0.00000,471.36320, 3.38911, 0.00000,-0.00000,-5.95706,-0.00000, 0.05620,-0.00000, 0.98803, 0.42317,258.59190,2061.42733,2210.29373,-1.97764, 0.00000, 0.00000,
 6.80000,3130.86847,-0.00000,710.38671,-0.00000,-6.19586,-0.00000,471.87553, 2.84435, 0.00000,-0.00000,-5.37300,-0.00000, 0.04986,-0.00000, 0.87526, 0.42361,259.21043,2061.98128,2210.29373,-1.97764, 0.00000, 0.00000,
 6.90000,3177.49260,-0.00000,702.94540,-0.00000,-6.70264,-0.00000,472.41240, 2.39902, 0.00000,-0.00000,-4.75973,-0.00000, 0.04463,-0.00000, 0.78616, 0.42408,259.85714,2062.53856,2210.29373,-1.97764, 0.00000, 0.00000,
 7.00000,3224.16056,-0.00000,695.43247,-0.00000,-7.14758,-0.00000,472.96680, 2.04592, 0.00000,-0.00000,-4.13941,-0.00000, 0.04044,-0.00000, 0.71866, 0.42457,260.52465,2063.10133,2210.29373,-1.97764, 0.00000, 0.00000,
 7.10000,3270.87025,-0.00000,687.82612,-0.00000,-7.53090,-0.00000,473.53435, 1.77674, 0.00000,-0.00000,-3.53018,-0.00000, 0.03721,-0.00000, 0.67054, 0.42507,261.20838,2063.67122,2210.29373,-1.97764, 0.00000, 0.00000,
 7.20000,3317.62013,-0.00000,680.11080,-0.00000,-7.85447,-0.00000,474.11245, 1.58241, 0.00000,-0.00000,-2.94647,-0.00000, 0.03485,-0.00000, 0.63946, 0.42558,261.90563,2064.24941,2210.29373,-1.97764, 0.00000, 0.00000,
 7.30000,3364.40928,-0.00000,672.27640,-0.00000,-8.12141,-0.00000,474.69959, 1.45358, 0.00000,-0.00000,-2.39929,-0.00000, 0.03327,-0.00000, 0.62310, 0.42609,262.61487,2064.83665,2210.29373,-1.97764, 0.00000, 0.00000,
 7.40000,3411.23740,-0.00000,664.31755,-0.00000,-8.33581,-0.00000,475.29486, 1.38086, 0.00000,-0.00000,-1.89659,-0.00000, 0.03236,-0.00000, 0.61915, 0.42661,263.33520,2065.43336,2210.29373,-1.97764, 0.00000, 0.00000,
 7.50000,3458.10475,-0.00000,656.23282,-0.00000,-8.50239,-0.00000,475.89759, 1.35512, 0.00000,-0.00000,-1.44358,-0.00000, 0.03203,-0.00000, 0.62540, 0.42714,264.06592,2066.03965,2210.29373,-1.97764, 0.00000, 0.00000,
 7.60000,3505.01207,-0.00000,648.02405,-0.00000,-8.62628,-0.00000,476.50713, 1.36766, 0.00000,-0.00000,-1.04312,-0.00000, 0.03217,-0.00000, 0.63979, 0.42768,264.80634,2066.65538,2210.29373,-1.97764, 0.00000, 0.00000,
 7.70000,3551.96052,-0.00000,639.69566,-0.00000,-8.71280,-0.00000,477.12274, 1.41043, 0.00000,-0.00000,-0.69607,-0.00000, 0.03270,-0.00000, 0.66039, 0.42822,265.55566,2067.28024,2210.29373,-1.97764, 0.00000, 0.00000,
 7.80000,3598.95158,-0.00000,631.25409,-0.00000,-8.76725,-0.00000,477.74356, 1.47606, 0.00000,-0.00000,-0.40163,-0.00000, 0.03351,-0.00000, 0.68548, 0.42876,266.31289,2067.91375,2210.29373,-1.97764, 0.00000, 0.00000,
 7.90000,3645.98692,-0.00000,622.70718,-0.00000,-8.79481,-0.00000,478.36860, 1.55798, 0.00000,-0.00000,-0.15768,-0.00000, 0.03452,-0.00000, 0.71353, 0.42931,267.07691,2068.55532,2210.29373,-1.97764, 0.00000, 0.00000,
 8.00000,3693.06833,-0.00000,614.06374,-0.00000,-8.80037,-0.00000,478.99682, 1.65046, 0.00000,-0.00000, 0.03892,-0.00000, 0.03567,-0.00000, 0.74323, 0.42986,267.84651,2069.20431,2210.29373,-1.97764, 0.00000, 0.00000,
 8.10000,3740.19767,-0.00000,605.33315,-0.00000,-8.78848,-0.00000,479.62714, 1.74858, 0.00000,-0.00000, 0.19204,-0.00000, 0.03688, 0.00000, 0.77346, 0.43041,268.62045,2069.86000,2210.29373,-1.97764, 0.00000, 0.00000,
 8.20000,3787.37675,-0.00000,596.52491,-0.00000,-8.76326,-0.00000,480.25857, 1.84822,-0.00000,-0.00000, 0.30606,-0.00000, 0.03810, 0.00000, 0.80329, 0.43097,269.39754,2070.52169,2210.29373,-1.97764, 0.00000, 0.00000,
 8.30000,3834.60732,-0.00000,587.64848,-0.00000,-8.72841,-0.00000,480.89016, 1.94606,-0.00000,-0.00000, 0.38561,-0.00000, 0.03929, 0.00000, 0.83200, 0.43152,270.17666,2071.18868,2210.29373,-1.97764, 0.00000, 0.00000,
 8.40000,3881.89098,-0.00000,578.71293,-0.00000,-8.68713,-0.00000,481.52113, 2.03946,-0.00000,-0.00000, 0.43542,-0.00000, 0.04042, 0.00000, 0.85903, 0.43207,270.95686,2071.86028,2210.29373,-1.97764, 0.00000, 0.00000,
 8.50000,3929.22924,-0.00000,569.72684,-0.00000,-8.64217,-0.00000,482.15081, 2.12645,-0.00000,-0.00000, 0.46015,-0.00000, 0.04144, 0.00000, 0.88399, 0.43262,271.73733,2072.53586,2210.29373,-1.97764, 0.00000, 0.00000,
 8.60000,3976.62340,-0.00000,560.69812,-0.00000,-8.59579,-0.00000,482.77871, 2.20565,-0.00000,-0.00000, 0.46428,-0.00000, 0.04235, 0.00000, 0.90659, 0.43317,272.51743,2073.21483,2210.29373,-1.97764, 0.00000, 0.00000,
 8.70000,4024.07461,-0.00000,551.63398,-0.00000,-8.54986,-0.00000,483.40446, 2.27616,-0.00000,-0.00000, 0.45200,-0.00000, 0.04314, 0.00000, 0.92671, 0.43372,273.29671,2073.89664,2210.29373,-1.97764, 0.00000, 0.00000,
 8.80000,4071.58387,-0.00000,542.54081,-0.00000,-8.50581,-0.00000,484.02785, 2.33754, 0.00000,-0.00000, 0.42717,-0.00000, 0.04380,-0.00000, 0.94430, 0.43427,274.07484,2074.58081,2210.29373,-1.97764, 0.00000, 0.00000,
 8.90000,4119.15199,-0.00000,533.42423,-0.00000,-8.46473,-0.00000,484.64876, 2.38968, 0.00000,-0.00000, 0.39324,-0.00000, 0.04433,-0.00000, 0.95939, 0.43481,274.85166,2075.26693,2210.29373,-1.97764, 0.00000, 0.00000,
 9.00000,4166.77964,-0.00000,524.28906,-0.00000,-8.42736,-0.00000,485.26720, 2.43280, 0.00000,-0.00000, 0.35324,-0.00000, 0.04473,-0.00000, 0.97210, 0.43535,275.62710,2075.95463,2210.29373,-1.97764, 0.00000, 0.00000,
 9.10000,4214.46735,-0.00000,515.13936,-0.00000,-8.39419,-0.00000,485.88322, 2.46732, 0.00000,-0.00000, 0.30980,-0.00000, 0.04501,-0.00000, 0.98257, 0.43589,276.40119,2076.64360,2210.29373,-1.97764, 0.00000, 0.00000,
 9.20000,4262.21553,-0.00000,505.97851,-0.00000,-8.36544,-0.00000,486.49694, 2.49384, 0.00000,-0.00000, 0.26511,-0.00000, 0.04517,-0.00000, 0.99100, 0.43642,277.17404,2077.33360,2210.29373,-1.97764, 0.00000, 0.00000,
 9.30000,4310.02446,-0.00000,496.80920,-0.00000,-8.34115,-0.00000,487.10852, 2.51306, 0.00000,-0.00000, 0.22097,-0.00000, 0.04524,-0.00000, 0.99760, 0.43696,277.94577,2078.02443,2210.29373,-1.97764, 0.00000, 0.00000,
 9.40000,4357.89436,-0.00000,487.63358,-0.00000,-8.32118,-0.00000,487.71811, 2.52580, 0.00000,-0.00000, 0.17879,-0.00000, 0.04522,-0.00000, 1.00260, 0.43749,278.71656,2078.71591,2210.29373,-1.97764, 0.00000, 0.00000,
 9.50000,4405.82533,-0.00000,478.45325,-0.00000,-8.30529,-0.00000,488.32590, 2.53286, 0.00000,-0.00000, 0.13966,-0.00000, 0.04512,-0.00000, 1.00621, 0.43802,279.48659,2079.40794,2210.29373,-1.97764, 0.00000, 0.00000,
 9.60000,4453.81742,-0.00000,469.26939,-0.00000,-8.29313,-0.00000,488.93206, 2.53508, 0.00000,-0.00000, 0.10434,-0.00000, 0.04495,-0.00000, 1.00867, 0.43855,280.25601,2080.10041,2210.29373,-1.97764, 0.00000, 0.00000,
 9.70000,4501.87063,-0.00000,460.08282,-0.00000,-8.28428,-0.00000,489.53673, 2.53328, 0.00000,-0.00000, 0.07334,-0.00000, 0.04473,-0.00000, 1.01019, 0.43908,281.02501,2080.79328,2210.29373,-1.97764, 0.00000, 0.00000,
 9.80000,4549.98491,-0.00000,450.89405,-0.00000,-8.27830,-0.00000,490.14007, 2.52820, 0.00000,-0.00000, 0.04693,-0.00000, 0.04447, 0.00000, 1.01096, 0.43961,281.79374,2081.48650,2210.29373,-1.97764, 0.00000, 0.00000,
 9.90000,4598.16018,-0.00000,441.70333,-0.00000,-8.27474,-0.00000,490.74218, 2.52057, 0.00000,-0.00000, 0.02519,-0.00000, 0.04417, 0.00000, 1.01118, 0.44013,282.56231,2082.18005,2210.29373,-1.97764, 0.00000, 0.00000,
10.00000,4646.39634,-0.00000,432.51077,-0.00000,-8.27311,-0.00000,491.34316, 2.51102, 0.00000,-0.00000, 0.00804,-0.00000, 0.04385,-0.00000, 1.01099, 0.44066,283.33084,2082.87392,2210.29373,-1.97764, 0.00000, 0.00000,
10.10000,4694.69326,-0.00000,423.31632,-0.00000,-8.27298,-0.00000,491.94310, 2.50014, 0.00000,-0.00000,-0.00472,-0.00000, 0.04351,-0.00000, 1.01055, 0.44118,284.09940,2083.56813,2210.29373,-1.97764, 0.00000, 0.00000,
10.20000,4743.05082,-0.00000,414.11987,-0.00000,-8.27392,-0.00000,492.54204, 2.48841, 0.00000,-0.00000,-0.01339,-0.00000, 0.04316,-0.00000, 1.00998, 0.44170,284.86807,2084.26267,2210.29373,-1.97764, 0.00000, 0.00000,
10.30000,4791.46888,-0.00000,404.92124,-0.00000,-8.27554,-0.00000,493.14003, 2.47627, 0.00000,-0.00000,-0.01833,-0.00000, 0.04281,-0.00000, 1.00937, 0.44223,285.63688,2084.95757,2210.29373,-1.97764, 0.00000, 0.00000,
10.40000,4839.94732,-0.00000,395.72026,-0.00000,-8.27748,-0.00000,493.73708, 2.46405, 0.00000,-0.00000,-0.01993,-0.00000, 0.04246,-0.00000, 1.00881, 0.44275,286.40584,2085.65282,2210.29373,-1.97764, 0.00000, 0.00000,
10.50000,4888.48600,-0.00000,386.51678,-0.00000,-8.27943,-0.00000,494.33319, 2.45204, 0.00000,-0.00000,-0.01862,-0.00000, 0.04211,-0.00000, 1.00836, 0.44327,287.17497,2086.34846,2210.29373,-1.97764, 0.00000, 0.00000,
10.60000,4937.08481,-0.00000,377.31065,-0.00000,-8.28112,-0.00000,494.92836, 2.44045, 0.00000,-0.00000,-0.01483,-0.00000, 0.04176,-0.00000, 1.00807, 0.44379,287.94425,2087.04448,2210.29373,-1.97764, 0.00000, 0.00000,
10.70000,4985.74363,-0.00000,368.10181,-0.00000,-8.28232,-0.00000,495.52257, 2.42946, 0.00000,-0.00000,-0.00896,-0.00000, 0.04143,-0.00000, 1.00797, 0.44431,288.71365,2087.74089,2210.29373,-1.97764, 0.00000, 0.00000,
10.80000,5034.46235,-0.00000,358.89023,-0.00000,-8.28285,-0.00000,496.11579, 2.41916, 0.00000,-0.00000,-0.00143,-0.00000, 0.04111,-0.00000, 1.00809, 0.44482,289.48313,2088.43770,2210.29373,-1.97764, 0.00000, 0.00000,
10.90000,5083.24089,-0.00000,349.67598,-0.00000,-8.28256,-0.00000,496.70798, 2.40962, 0.00000,-0.00000, 0.00740,-0.00000, 0.04079,-0.00000, 1.00844, 0.44534,290.25264,2089.13490,2210.29373,-1.97764, 0.00000, 0.00000,
11.00000,5132.07916,-0.00000,340.45918,-0.00000,-8.28134,-0.00000,497.29909, 2.40088, 0.00000,-0.00000, 0.01721,-0.00000, 0.04049,-0.00000, 1.00901, 0.44586,291.02213,2089.83248,2210.29373,-1.97764, 0.00000, 0.00000,
11.10000,5180.97708,-0.00000,331.24001,-0.00000,-8.27910,-0.00000,497.88908, 2.39293, 0.00000,-0.00000, 0.02769,-0.00000, 0.04021,-0.00000, 1.00980, 0.44637,291.79154,2090.53042,2210.29373,-1.97764, 0.00000, 0.00000,
11.20000,5229.93459,-0.00000,322.01876,-0.00000,-8.27579,-0.00000,498.47790, 2.38576, 0.00000,-0.00000, 0.03858,-0.00000, 0.03993,-0.00000, 1.01079, 0.44688,292.56081,2091.22871,2210.29373,-1.97764, 0.00000, 0.00000,
11.30000,5278.95162,-0.00000,312.79575,-0.00000,-8.27138,-0.00000,499.06550, 2.37930, 0.00000,-0.00000, 0.04967,-0.00000, 0.03966,-0.00000, 1.01198, 0.44740,293.32985,2091.92732,2210.29373,-1.97764, 0.00000, 0.00000,
11.40000,5328.02812,-0.00000,303.57137,-0.00000,-8.26586,-0.00000,499.65182, 2.37352, 0.00000,-0.00000, 0.06077,-0.00000, 0.03940,-0.00000, 1.01334, 0.44791,294.09860,2092.62622,2210.29373,-1.97764, 0.00000, 0.00000,
11.50000,5377.16403,-0.00000,294.34608,-0.00000,-8.25923,-0.00000,500.23681, 2.36834, 0.00000,-0.00000, 0.07174,-0.00000, 0.03915,-0.00000, 1.01485, 0.44842,294.86699,2093.32538,2210.29373,-1.97764, 0.00000, 0.00000,
11.60000,5426.35932,-0.00000,285.12037,-0.00000,-8.25152,-0.00000,500.82042, 2.36370, 0.00000,-0.00000, 0.08248,-0.00000, 0.03891,-0.00000, 1.01650, 0.44892,295.63494,2094.02476,2210.29373,-1.97764, 0.00000, 0.00000,
11.70000,5475.61394,-0.00000,275.89480,-0.00000,-8.24274,-0.00000,501.40259, 2.35952, 0.00000,-0.00000, 0.09289,-0.00000, 0.03868,-0.00000, 1.01826, 0.44943,296.40238,2094.72432,2210.29373,-1.97764, 0.00000, 0.00000,
11.80000,5524.92784,-0.00000,266.66993,-0.00000,-8.23295,-0.00000,501.98326, 2.35574, 0.00000,-0.00000, 0.10291,-0.00000, 0.03845,-0.00000, 1.02011, 0.44994,297.16923,2095.42401,2210.29373,-1.97764, 0.00000, 0.00000,
11.90000,5574.30099,-0.00000,257.44638,-0.00000,-8.22218,-0.00000,502.56240, 2.35228, 0.00000,-0.00000, 0.11253,-0.00000, 0.03822,-0.00000, 1.02203, 0.45044,297.93544,2096.12379,2210.29373,-1.97764, 0.00000, 0.00000,
12.00000,5623.73333,-0.00000,248.22478,-0.00000,-8.21046,-0.00000,503.13995, 2.34909, 0.00000,-0.00000, 0.12172,-0.00000, 0.03800,-0.00000, 1.02401, 0.45095,298.70091,2096.82361,2210.29373,-1.97764, 0.00000, 0.00000,
12.10000,5673.22483,-0.00000,239.00579,-0.00000,-8.19785,-0.00000,503.71587, 2.34610, 0.00000,-0.00000, 0.13048,-0.00000, 0.03779,-0.00000, 1.02602, 0.45145,299.46559,2097.52342,2210.29373,-1.97764, 0.00000, 0.00000,
12.20000,5722.77543,-0.00000,229.79006,-0.00000,-8.18438,-0.00000,504.29011, 2.34326, 0.00000,-0.00000, 0.13883,-0.00000, 0.03757,-0.00000, 1.02806, 0.45195,300.22942,2098.22317,2210.29373,-1.97764, 0.00000, 0.00000,
12.30000,5772.38508,-0.00000,220.57827,-0.00000,-8.17009,-0.00000,504.86263, 2.34053, 0.00000,-0.00000, 0.14679,-0.00000, 0.03735,-0.00000, 1.03012, 0.45245,300.99231,2098.92282,2210.29373,-1.97764, 0.00000, 0.00000,
12.40000,5822.05372,-0.00000,211.37109,-0.00000,-8.15503,-0.00000,505.43338, 2.33787, 0.00000,-0.00000, 0.15439,-0.00000, 0.03714,-0.00000, 1.03217, 0.45294,301.75422,2099.62229,2210.29373,-1.97764, 0.00000, 0.00000,
12.50000,5871.78131,-0.00000,202.16922,-0.00000,-8.13923,-0.00000,506.00233, 2.33525, 0.00000,-0.00000, 0.16167,-0.00000, 0.03693,-0.00000, 1.03423, 0.45344,302.51508,2100.32155,2210.29373,-1.97764, 0.00000, 0.00000,
12.60000,5921.56776,-0.00000,192.97332,-0.00000,-8.12271,-0.00000,506.56944, 2.33265, 0.00000,-0.00000, 0.16865,-0.00000, 0.03671,-0.00000, 1.03627, 0.45393,303.27483,2101.02055,2210.29373,-1.97764, 0.00000, 0.00000,
12.70000,5971.41302,-0.00000,183.78408,-0.00000,-8.10550,-0.00000,507.13468, 2.33003, 0.00000,-0.00000, 0.17539,-0.00000, 0.03650,-0.00000, 1.03830, 0.45442,304.03341,2101.71923,2210.29373,-1.97764, 0.00000, 0.00000,
12.80000,6021.31700,-0.00000,174.60216,-0.00000,-8.08764,-0.00000,507.69800, 2.32740, 0.00000,-0.00000, 0.18192,-0.00000, 0.03628,-0.00000, 1.04031, 0.45491,304.79076,2102.41753,2210.29373,-1.97764, 0.00000, 0.00000,
12.90000,6071.27963,-0.00000,165.42825,-0.00000,-8.06913,-0.00000,508.25938, 2.32473, 0.00000,-0.00000, 0.18826,-0.00000, 0.03607,-0.00000, 1.04229, 0.45540,305.54684,2103.11542,2210.29373,-1.97764, 0.00000, 0.00000,
13.00000,6121.30082,-0.00000,156.26299,-0.00000,-8.04999,-0.00000,508.81877, 2.32203, 0.00000,-0.00000, 0.19446,-0.00000, 0.03585,-0.00000, 1.04426, 0.45589,306.30157,2103.81283,2210.29373,-1.97764, 0.00000, 0.00000,
13.10000,6171.38048,-0.00000,147.10704,-0.00000,-8.03024,-0.00000,509.37616, 2.31928, 0.00000,-0.00000, 0.20054,-0.00000, 0.03564,-0.00000, 1.04620, 0.45637,307.05491,2104.50972,2210.29373,-1.97764, 0.00000, 0.00000,
13.20000,6221.51852,-0.00000,137.96106,-0.00000,-8.00989,-0.00000,509.93150, 2.31650, 0.00000,-0.00000, 0.20653,-0.00000, 0.03542,-0.00000, 1.04812, 0.45685,307.80681,2105.20604,2210.29373,-1.97764, 0.00000, 0.00000,
13.30000,6271.71484,-0.00000,128.82567,-0.00000,-7.98894,-0.00000,510.48476, 2.31367, 0.00000,-0.00000, 0.21245,-0.00000, 0.03521,-0.00000, 1.05002, 0.45734,308.55720,2105.90173,2210.29373,-1.97764, 0.00000, 0.00000,
13.40000,6321.96932,-0.00000,119.70153,-0.00000,-7.96740,-0.00000,511.03592, 2.31081, 0.00000,-0.00000, 0.21832,-0.00000, 0.03499,-0.00000, 1.05189, 0.45781,309.30604,2106.59676,2210.29373,-1.97764, 0.00000, 0.00000,
13.50000,6372.28186,-0.00000,110.58925,-0.00000,-7.94527,-0.00000,511.58494, 2.30792, 0.00000,-0.00000, 0.22416,-0.00000, 0.03477,-0.00000, 1.05375, 0.45829,310.05328,2107.29106,2210.29373,-1.97764, 0.00000, 0.00000,
13.60000,6422.65234,-0.00000,101.48947,-0.00000,-7.92256,-0.00000,512.13180, 2.30501, 0.00000,-0.00000, 0.22998,-0.00000, 0.03455,-0.00000, 1.05560, 0.45877,310.79885,2107.98460,2210.29373,-1.97764, 0.00000, 0.00000,
13.70000,6473.08065,-0.00000,92.40281,-0.00000,-7.89928,-0.00000,512.67645, 2.30207, 0.00000,-0.00000, 0.23579,-0.00000, 0.03433,-0.00000, 1.05742, 0.45924,311.54271,2108.67732,2210.29373,-1.97764, 0.00000, 0.00000,
13.80000,6523.56666,-0.00000,83.32987,-0.00000,-7.87541,-0.00000,513.21888, 2.29913, 0.00000,-0.00000, 0.24159,-0.00000, 0.03412,-0.00000, 1.05924, 0.45971,312.28481,2109.36917,2210.29373,-1.97764, 0.00000, 0.00000,
13.90000,6574.11023,-0.00000,74.27126,-0.00000,-7.85096,-0.00000,513.75906, 2.29617, 0.00000,-0.00000, 0.24739,-0.00000, 0.03390,-0.00000, 1.06104, 0.46018,313.02509,2110.06012,2210.29373,-1.97764, 0.00000, 0.00000,
14.00000,6624.71124,-0.00000,65.22761,-0.00000,-7.82593,-0.00000,514.29694, 2.29322, 0.00000,-0.00000, 0.25319,-0.00000, 0.03368,-0.00000, 1.06283, 0.46065,313.76350,2110.75011,2210.29373,-1.97764, 0.00000, 0.00000,
14.10000,6675.36955,-0.00000,56.19952,-0.00000,-7.80032,-0.00000,514.83251, 2.29026, 0.00000,-0.00000, 0.25899,-0.00000, 0.03346,-0.00000, 1.06461, 0.46111,314.49998,2111.43909,2210.29373,-1.97764, 0.00000, 0.00000,
14.20000,6726.08501,-0.00000,47.18757,-0.00000,-7.77413,-0.00000,515.36574, 2.28732, 0.00000,-0.00000, 0.26480,-0.00000, 0.03325,-0.00000, 1.06639, 0.46158,315.23449,2112.12702,2210.29373,-1.97764, 0.00000, 0.00000,
14.30000,6776.85748,-0.00000,38.19239,-0.00000,-7.74736,-0.00000,515.89659, 2.28439, 0.00000,-0.00000, 0.27060,-0.00000, 0.03303,-0.00000, 1.06815, 0.46204,315.96697,2112.81385,2210.29373,-1.97764, 0.00000, 0.00000,
14.40000,6827.68680,-0.00000,29.21457,-0.00000,-7.72001,-0.00000,516.42503, 2.28148, 0.00000,-0.00000, 0.27641,-0.00000, 0.03281,-0.00000, 1.06992, 0.46250,316.69737,2113.49953,2210.29373,-1.97764, 0.00000, 0.00000,
14.50000,6878.57283,-0.00000,20.25470,-0.00000,-7.69208,-0.00000,516.95105, 2.27858, 0.00000,-0.00000, 0.28221,-0.00000, 0.03260,-0.00000, 1.07167, 0.46295,317.42563,2114.18402,2210.29373,-1.97764, 0.00000, 0.00000,
14.60000,6929.51541,-0.00000,11.31338,-0.00000,-7.66357,-0.00000,517.47460, 2.27571, 0.00000,-0.00000, 0.28800,-0.00000, 0.03238,-0.00000, 1.07342, 0.46341,318.15170,2114.86728,2210.29373,-1.97764, 0.00000, 0.00000,
14.70000,6980.51437,-0.00000, 2.39122,-0.00000,-7.63448,-0.00000,517.99565, 2.27286, 0.00000,-0.00000, 0.29377,-0.00000, 0.03217,-0.00000, 1.07517, 0.46386,318.87553,2115.54924,2210.29373,-1.97764, 0.00000, 0.00000,
14.80000,7031.56954,-0.00000,-6.51120,-0.00000,-7.60482,-0.00000,518.51419, 2.27004, 0.00000,-0.00000, 0.29954,-0.00000, 0.03196,-0.00000, 1.07692, 0.46431,319.59706,2116.22988,2210.29373,-1.97764, 0.00000, 0.00000,
14.90000,7082.68076,-0.00000,-15.39329,-0.00000,-7.57457,-0.00000,519.03018, 2.26725, 0.00000,-0.00000, 0.30528,-0.00000, 0.03174,-0.00000, 1.07866, 0.46476,320.31625,2116.90913,2210.29373,-1.97764, 0.00000, 0.00000,
15.00000,7133.84784,-0.00000,-24.25444,-0.00000,-7.54376,-0.00000,519.54359, 2.26448, 0.00000,-0.00000, 0.31100,-0.00000, 0.03153,-0.00000, 1.08039, 0.46520,321.03303,2117.58696,2210.29373,-1.97764, 0.00000, 0.00000,
15.10000,7185.07062,-0.00000,-33.09406,-0.00000,-7.51237,-0.00000,520.05440, 2.26174, 0.00000,-0.00000, 0.31670,-0.00000, 0.03132,-0.00000, 1.08213, 0.46564,321.74735,2118.26331,2210.29373,-1.97764, 0.00000, 0.00000,
15.20000,7236.34891,-0.00000,-41.91157,-0.00000,-7.48042,-0.00000,520.56257, 2.25903, 0.00000,-0.00000, 0.32237,-0.00000, 0.03111,-0.00000, 1.08385, 0.46608,322.45917,2118.93815,2210.29373,-1.97764, 0.00000, 0.00000,
15.30000,7287.68253,-0.00000,-50.70637,-0.00000,-7.44790,-0.00000,521.06808, 2.25634, 0.00000,-0.00000, 0.32801,-0.00000, 0.03090,-0.00000, 1.08558, 0.46652,323.16843,2119.61142,2210.29373,-1.97764, 0.00000, 0.00000,
15.40000,7339.07127,-0.00000,-59.47787,-0.00000,-7.41482,-0.00000,521.57090, 2.25369, 0.00000,-0.00000, 0.33362,-0.00000, 0.03069,-0.00000, 1.08730, 0.46696,323.87507,2120.28308,2210.29373,-1.97764, 0.00000, 0.00000,
15.50000,7390.51495,-0.00000,-68.22548,-0.00000,-7.38118,-0.00000,522.07100, 2.25106, 0.00000,-0.00000, 0.33919,-0.00000, 0.03049,-0.00000, 1.08901, 0.46739,324.57904,2120.95308,2210.29373,-1.97764, 0.00000, 0.00000,
15.60000,7442.01338,-0.00000,-76.94862,-0.00000,-7.34698,-0.00000,522.56836, 2.24846, 0.00000,-0.00000, 0.34473,-0.00000, 0.03028,-0.00000, 1.09072, 0.46782,325.28029,2121.62138,2210.29373,-1.97764, 0.00000, 0.00000,
15.70000,7493.56634,-0.00000,-85.64669,-0.00000,-7.31223,-0.00000,523.06294, 2.24588, 0.00000,-0.00000, 0.35024,-0.00000, 0.03007,-0.00000, 1.09243, 0.46825,325.97877,2122.28792,2210.29373,-1.97764, 0.00000, 0.00000,
15.80000,7545.17363,-0.00000,-94.31912,-0.00000,-7.27693,-0.00000,523.55473, 2.24333, 0.00000,-0.00000, 0.35570,-0.00000, 0.02987,-0.00000, 1.09413, 0.46868,326.67443,2122.95267,2210.29373,-1.97764, 0.00000, 0.00000,
15.90000,7596.83505,-0.00000,-102.96531,-0.00000,-7.24109,-0.00000,524.04369, 2.24080, 0.00000,-0.00000, 0.36113,-0.00000, 0.02967,-0.00000, 1.09582, 0.46910,327.36721,2123.61558,2210.29373,-1.97764, 0.00000, 0.00000,
16.00000,7648.55037,-0.00000,-111.58470,-0.00000,-7.20471,-0.00000,524.52980, 2.23830, 0.00000,-0.00000, 0.36653,-0.00000, 0.02946,-0.00000, 1.09751, 0.46952,328.05705,2124.27659,2210.29373,-1.97764, 0.00000, 0.00000,
16.10000,7700.31938,-0.00000,-120.17668,-0.00000,-7.16779,-0.00000,525.01304, 2.23583, 0.00000,-0.00000, 0.37188,-0.00000, 0.02926,-0.00000, 1.09919, 0.46994,328.74392,2124.93567,2210.29373,-1.97764, 0.00000, 0.00000,
16.20000,7752.14186,-0.00000,-128.74069,-0.00000,-7.13033,-0.00000,525.49337, 2.23337, 0.00000,-0.00000, 0.37719,-0.00000, 0.02906,-0.00000, 1.10086, 0.47036,329.42776,2125.59276,2210.29373,-1.97764, 0.00000, 0.00000,
16.30000,7804.01759,-0.00000,-137.27615,-0.00000,-7.09235,-0.00000,525.97077, 2.23094, 0.00000,-0.00000, 0.38247,-0.00000, 0.02886,-0.00000, 1.10253, 0.47077,330.10851,2126.24783,2210.29373,-1.97764, 0.00000, 0.00000,
16.40000,7855.94632,-0.00000,-145.78248,-0.00000,-7.05384,-0.00000,526.44522, 2.22854, 0.00000,-0.00000, 0.38771,-0.00000, 0.02866,-0.00000, 1.10419, 0.47118,330.78612,2126.90083,2210.29373,-1.97764, 0.00000, 0.00000,
16.50000,7907.92783,-0.00000,-154.25912,-0.00000,-7.01481,-0.00000,526.91669, 2.22615, 0.00000,-0.00000, 0.39291,-0.00000, 0.02846,-0.00000, 1.10584, 0.47159,331.46055,2127.55170,2210.29373,-1.97764, 0.00000, 0.00000,
16.60000,7959.96188,-0.00000,-162.70548,-0.00000,-6.97526,-0.00000,527.38516, 2.22379, 0.00000,-0.00000, 0.39807,-0.00000, 0.02826,-0.00000, 1.10748, 0.47199,332.13174,2128.20041,2210.29373,-1.97764, 0.00000, 0.00000,
16.70000,8012.04823,-0.00000,-171.12100,-0.00000,-6.93520,-0.00000,527.85060, 2.22145, 0.00000,-0.00000, 0.40319,-0.00000, 0.02807,-0.00000, 1.10912, 0.47240,332.79965,2128.84691,2210.29373,-1.97764, 0.00000, 0.00000,
16.80000,8064.18663,-0.00000,-179.50512,-0.00000,-6.89463,-0.00000,528.31299, 2.21913, 0.00000,-0.00000, 0.40827,-0.00000, 0.02787,-0.00000, 1.11075, 0.47280,333.46421,2129.49116,2210.29373,-1.97764, 0.00000, 0.00000,
16.90000,8116.37684,-0.00000,-187.85726,-0.00000,-6.85355,-0.00000,528.77230, 2.21684, 0.00000,-0.00000, 0.41332,-0.00000, 0.02768,-0.00000, 1.11237, 0.47319,334.12539,2130.13310,2210.29373,-1.97764, 0.00000, 0.00000,
17.00000,8168.61859,-0.00000,-196.17687,-0.00000,-6.81196,-0.00000,529.22851, 2.21456, 0.00000,-0.00000, 0.41833,-0.00000, 0.02749,-0.00000, 1.11398, 0.47359,334.78313,2130.77270,2210.29373,-1.97764, 0.00000, 0.00000,
17.10000,8220.91164,-0.00000,-204.46339,-0.00000,-6.76988,-0.00000,529.68159, 2.21231, 0.00000,-0.00000, 0.42330,-0.00000, 0.02729,-0.00000, 1.11559, 0.47398,335.43739,2131.40991,2210.29373,-1.97764, 0.00000, 0.00000,
17.20000,8273.25572,-0.00000,-212.71626,-0.00000,-6.72730,-0.00000,530.13153, 2.21008, 0.00000,-0.00000, 0.42824,-0.00000, 0.02710,-0.00000, 1.11718, 0.47437,336.08810,2132.04468,2210.29373,-1.97764, 0.00000, 0.00000,
17.30000,8325.65056,-0.00000,-220.93492,-0.00000,-6.68423,-0.00000,530.57830, 2.20787, 0.00000,-0.00000, 0.43313,-0.00000, 0.02691,-0.00000, 1.11877, 0.47475,336.73524,2132.67698,2210.29373,-1.97764, 0.00000, 0.00000,
17.40000,8378.09590,-0.00000,-229.11882,-0.00000,-6.64068,-0.00000,531.02188, 2.20568, 0.00000,-0.00000, 0.43799,-0.00000, 0.02672,-0.00000, 1.12035, 0.47514,337.37873,2133.30674,2210.29373,-1.97764, 0.00000, 0.00000,
17.50000,8430.59147,-0.00000,-237.26742,-0.00000,-6.59664,-0.00000,531.46224, 2.20351, 0.00000,-0.00000, 0.44281,-0.00000, 0.02653,-0.00000, 1.12192, 0.47552,338.01855,2133.93395,2210.29373,-1.97764, 0.00000, 0.00000,
17.60000,8483.13698,-0.00000,-245.38016,-0.00000,-6.55212,-0.00000,531.89937, 2.20137, 0.00000,-0.00000, 0.44759,-0.00000, 0.02635,-0.00000, 1.12348, 0.47589,338.65463,2134.55854,2210.29373,-1.97764, 0.00000, 0.00000,
17.70000,8535.73216,-0.00000,-253.45650,-0.00000,-6.50712,-0.00000,532.33323, 2.19925, 0.00000,-0.00000, 0.45234,-0.00000, 0.02616,-0.00000, 1.12503, 0.47627,339.28693,2135.18047,2210.29373,-1.97764, 0.00000, 0.00000,
17.80000,8588.37672,-0.00000,-261.49590,-0.00000,-6.46165,-0.00000,532.76382, 2.19714, 0.00000,-0.00000, 0.45705,-0.00000, 0.02598,-0.00000, 1.12657, 0.47664,339.91541,2135.79970,2210.29373,-1.97764, 0.00000, 0.00000,
17.90000,8641.07038,-0.00000,-269.49783,-0.00000,-6.41571,-0.00000,533.19110, 2.19506, 0.00000,-0.00000, 0.46172,-0.00000, 0.02579,-0.00000, 1.12810, 0.47701,340.54001,2136.41619,2210.29373,-1.97764, 0.00000, 0.00000,
18.00000,8693.81285,-0.00000,-277.46174,-0.00000,-6.36931,-0.00000,533.61506, 2.19300, 0.00000,-0.00000, 0.46635,-0.00000, 0.02561,-0.00000, 1.12963, 0.47738,341.16069,2137.02990,2210.29373,-1.97764, 0.00000, 0.00000,
18.10000,8746.60382,-0.00000,-285.38710,-0.00000,-6.32244,-0.00000,534.03568, 2.19096, 0.00000,-0.00000, 0.47094,-0.00000, 0.02543,-0.00000, 1.13114, 0.47774,341.77741,2137.64077,2210.29373,-1.97764, 0.00000, 0.00000,
18.20000,8799.44300,-0.00000,-293.27338,-0.00000,-6.27512,-0.00000,534.45293, 2.18895, 0.00000,-0.00000, 0.47550,-0.00000, 0.02525,-0.00000, 1.13265, 0.47810,342.39010,2138.24877,2210.29373,-1.97764, 0.00000, 0.00000,
18.30000,8852.33009,-0.00000,-301.12005,-0.00000,-6.22734,-0.00000,534.86679, 2.18695, 0.00000,-0.00000, 0.48002,-0.00000, 0.02507,-0.00000, 1.13414, 0.47846,342.99874,2138.85386,2210.29373,-1.97764, 0.00000, 0.00000,
18.40000,8905.26478,-0.00000,-308.92660,-0.00000,-6.17912,-0.00000,535.27725, 2.18498, 0.00000,-0.00000, 0.48450,-0.00000, 0.02489,-0.00000, 1.13563, 0.47881,343.60327,2139.45599,2210.29373,-1.97764, 0.00000, 0.00000,
18.50000,8958.24676,-0.00000,-316.69249,-0.00000,-6.13045,-0.00000,535.68428, 2.18302, 0.00000,-0.00000, 0.48894,-0.00000, 0.02472,-0.00000, 1.13710, 0.47916,344.20365,2140.05512,2210.29373,-1.97764, 0.00000, 0.00000,
18.60000,9011.27572,-0.00000,-324.41722,-0.00000,-6.08133,-0.00000,536.08787, 2.18109, 0.00000,-0.00000, 0.49334,-0.00000, 0.02454,-0.00000, 1.13857, 0.47951,344.79983,2140.65120,2210.29373,-1.97764, 0.00000, 0.00000,
18.70000,9064.35134,-0.00000,-332.10026,-0.00000,-6.03178,-0.00000,536.48799, 2.17918, 0.00000,-0.00000, 0.49771,-0.00000, 0.02437,-0.00000, 1.14002, 0.47985,345.39177,2141.24420,2210.29373,-1.97764, 0.00000, 0.00000,
18.80000,9117.47329,-0.00000,-339.74111,-0.00000,-5.98179,-0.00000,536.88463, 2.17729, 0.00000,-0.00000, 0.50203,-0.00000, 0.02420,-0.00000, 1.14147, 0.48020,345.97942,2141.83408,2210.29373,-1.97764, 0.00000, 0.00000,
18.90000,9170.64127,-0.00000,-347.33925,-0.00000,-5.93137,-0.00000,537.27777, 2.17543, 0.00000,-0.00000, 0.50632,-0.00000, 0.02403,-0.00000, 1.14290, 0.48053,346.56274,2142.42079,2210.29373,-1.97764, 0.00000, 0.00000,
19.00000,9223.85493,-0.00000,-354.89418,-0.00000,-5.88053,-0.00000,537.66738, 2.17358, 0.00000,-0.00000, 0.51057,-0.00000, 0.02386,-0.00000, 1.14432, 0.48087,347.14168,2143.00429,2210.29373,-1.97764, 0.00000, 0.00000,
19.10000,9277.11394,-0.00000,-362.40541,-0.00000,-5.82926,-0.00000,538.05345, 2.17175, 0.00000,-0.00000, 0.51477,-0.00000, 0.02369,-0.00000, 1.14574, 0.48120,347.71621,2143.58455,2210.29373,-1.97764, 0.00000, 0.00000,
19.20000,9330.41798,-0.00000,-369.87242,-0.00000,-5.77758,-0.00000,538.43597, 2.16995, 0.00000,-0.00000, 0.51894,-0.00000, 0.02352,-0.00000, 1.14714, 0.48153,348.28627,2144.16151,2210.29373,-1.97764, 0.00000, 0.00000,
19.30000,9383.76670,-0.00000,-377.29473,-0.00000,-5.72547,-0.00000,538.81491, 2.16817, 0.00000,-0.00000, 0.52307,-0.00000, 0.02335,-0.00000, 1.14853, 0.48186,348.85183,2144.73514,2210.29373,-1.97764, 0.00000, 0.00000,
19.40000,9437.15976,-0.00000,-384.67184,-0.00000,-5.67296,-0.00000,539.19025, 2.16640, 0.00000,-0.00000, 0.52716,-0.00000, 0.02319,-0.00000, 1.14991, 0.48218,349.41284,2145.30540,2210.29373,-1.97764, 0.00000, 0.00000,
19.50000,9490.59682,-0.00000,-392.00327,-0.00000,-5.62004,-0.00000,539.56199, 2.16466, 0.00000,-0.00000, 0.53121,-0.00000, 0.02303,-0.00000, 1.15129, 0.48250,349.96926,2145.87226,2210.29373,-1.97764, 0.00000, 0.00000,
19.60000,9544.07752,-0.00000,-399.28853,-0.00000,-5.56672,-0.00000,539.93009, 2.16294, 0.00000,-0.00000, 0.53522,-0.00000, 0.02287,-0.00000, 1.15264, 0.48282,350.52105,2146.43566,2210.29373,-1.97764, 0.00000, 0.00000,
19.70000,9597.60153,-0.00000,-406.52715,-0.00000,-5.51300,-0.00000,540.29456, 2.16124, 0.00000,-0.00000, 0.53919,-0.00000, 0.02270,-0.00000, 1.15399, 0.48313,351.06817,2146.99557,2210.29373,-1.97764, 0.00000, 0.00000,
19.80000,9651.16847,-0.00000,-413.71863,-0.00000,-5.45888,-0.00000,540.65536, 2.15956, 0.00000,-0.00000, 0.54312,-0.00000, 0.02255,-0.00000, 1.15533, 0.48344,351.61058,2147.55195,2210.29373,-1.97764, 0.00000, 0.00000,
19.90000,9704.77800,-0.00000,-420.86252,-0.00000,-5.40438,-0.00000,541.01248, 2.15790, 0.00000,-0.00000, 0.54701,-0.00000, 0.02239,-0.00000, 1.15665, 0.48375,352.14823,2148.10477,2210.29373,-1.97764, 0.00000, 0.00000,
20.00000,9758.42974,-0.00000,-427.95834,-0.00000,-5.34948,-0.00000,541.36591, 2.15627, 0.00000,-0.00000, 0.55087,-0.00000, 0.02223,-0.00000, 1.15797, 0.48405,352.68109,2148.65398,2210.29373,-1.97764, 0.00000, 0.00000,
20.10000,9812.12334,-0.00000,-435.00562,-0.00000,-5.29420,-0.00000,541.71562, 2.15465, 0.00000,-0.00000, 0.55468,-0.00000, 0.02208,-0.00000, 1.15927, 0.48436,353.20911,2149.19954,2210.29373,-1.97764, 0.00000, 0.00000,
20.20000,9865.85843,-0.00000,-442.00391,-0.00000,-5.23855,-0.00000,542.06162, 2.15305, 0.00000,-0.00000, 0.55845,-0.00000, 0.02192,-0.00000, 1.16056, 0.48465,353.73226,2149.74143,2210.29373,-1.97764, 0.00000, 0.00000,
20.30000,9919.63464,-0.00000,-448.95274,-0.00000,-5.18252,-0.00000,542.40387, 2.15148, 0.00000,-0.00000, 0.56218,-0.00000, 0.02177,-0.00000, 1.16184, 0.48495,354.25050,2150.27959,2210.29373,-1.97764, 0.00000, 0.00000,
20.40000,9973.45159,-0.00000,-455.85166,-0.00000,-5.12611,-0.00000,542.74236, 2.14992, 0.00000,-0.00000, 0.56587,-0.00000, 0.02162,-0.00000, 1.16311, 0.48524,354.76379,2150.81399,2210.29373,-1.97764, 0.00000, 0.00000,
20.50000,10027.30890,-0.00000,-462.70022,-0.00000,-5.06934,-0.00000,543.07709, 2.14839, 0.00000,-0.00000, 0.56952,-0.00000, 0.02147,-0.00000, 1.16436, 0.48553,355.27209,2151.34460,2210.29373,-1.97764, 0.00000, 0.00000,
20.60000,10081.20620,-0.00000,-469.49798,-0.00000,-5.01221,-0.00000,543.40803, 2.14687, 0.00000,-0.00000, 0.57313,-0.00000, 0.02133,-0.00000, 1.16560, 0.48581,355.77537,2151.87138,2210.29373,-1.97764, 0.00000, 0.00000,
20.70000,10135.14309,-0.00000,-476.24449,-0.00000,-4.95472,-0.00000,543.73517, 2.14538, 0.00000,-0.00000, 0.57669,-0.00000, 0.02118,-0.00000, 1.16684, 0.48609,356.27358,2152.39429,2210.29373,-1.97764, 0.00000, 0.00000,
20.80000,10189.11920,-0.00000,-482.93931,-0.00000,-4.89687,-0.00000,544.05850, 2.14390, 0.00000,-0.00000, 0.58022,-0.00000, 0.02103,-0.00000, 1.16805, 0.48637,356.76669,2152.91329,2210.29373,-1.97764, 0.00000, 0.00000,
20.90000,10243.13413,-0.00000,-489.58201,-0.00000,-4.83868,-0.00000,544.37800, 2.14245, 0.00000,-0.00000, 0.58371,-0.00000, 0.02089,-0.00000, 1.16926, 0.48664,357.25467,2153.42835,2210.29373,-1.97764, 0.00000, 0.00000,
21.00000,10297.18749,-0.00000,-496.17217,-0.00000,-4.78013,-0.00000,544.69366, 2.14101, 0.00000,-0.00000, 0.58716,-0.00000, 0.02075,-0.00000, 1.17045, 0.48691,357.73747,2153.93944,2210.29373,-1.97764, 0.00000, 0.00000,
21.10000,10351.27889,-0.00000,-502.70934,-0.00000,-4.72125,-0.00000,545.00547, 2.13960, 0.00000,-0.00000, 0.59056,-0.00000, 0.02061,-0.00000, 1.17163, 0.48718,358.21507,2154.44651,2210.29373,-1.97764, 0.00000, 0.00000,
21.20000,10405.40792,-0.00000,-509.19313,-0.00000,-4.66202,-0.00000,545.31341, 2.13821, 0.00000,-0.00000, 0.59393,-0.00000, 0.02047,-0.00000, 1.17280, 0.48745,358.68742,2154.94954,2210.29373,-1.97764, 0.00000, 0.00000,
21.30000,10459.57418,-0.00000,-515.62309,-0.00000,-4.60246,-0.00000,545.61747, 2.13683, 0.00000,-0.00000, 0.59725,-0.00000, 0.02034,-0.00000, 1.17396, 0.48771,359.15450,2155.44848,2210.29373,-1.97764, 0.00000, 0.00000,
21.40000,10513.77728,-0.00000,-521.99884,-0.00000,-4.54257,-0.00000,545.91764, 2.13548, 0.00000,-0.00000, 0.60053,-0.00000, 0.02020,-0.00000, 1.17510, 0.48796,359.61627,2155.94331,2210.29373,-1.97764, 0.00000, 0.00000,
21.50000,10568.01679,-0.00000,-528.31995,-0.00000,-4.48236,-0.00000,546.21391, 2.13415, 0.00000,-0.00000, 0.60378,-0.00000, 0.02007,-0.00000, 1.17623, 0.48822,360.07269,2156.43399,2210.29373,-1.97764, 0.00000, 0.00000,
21.60000,10622.29232,-0.00000,-534.58602,-0.00000,-4.42182,-0.00000,546.50626, 2.13283, 0.00000,-0.00000, 0.60698,-0.00000, 0.01994,-0.00000, 1.17735, 0.48847,360.52373,2156.92049,2210.29373,-1.97764, 0.00000, 0.00000,
21.70000,10676.60345,-0.00000,-540.79665,-0.00000,-4.36096,-0.00000,546.79468, 2.13154, 0.00000,-0.00000, 0.61014,-0.00000, 0.01980,-0.00000, 1.17845, 0.48872,360.96937,2157.40277,2210.29373,-1.97764, 0.00000, 0.00000,
21.80000,10730.94976,-0.00000,-546.95145,-0.00000,-4.29979,-0.00000,547.07917, 2.13026, 0.00000,-0.00000, 0.61326,-0.00000, 0.01968,-0.00000, 1.17954, 0.48896,361.40956,2157.88080,2210.29373,-1.97764, 0.00000, 0.00000,
21.90000,10785.33084,-0.00000,-553.05003,-0.00000,-4.23831,-0.00000,547.35970, 2.12901, 0.00000,-0.00000, 0.61633,-0.00000, 0.01955,-0.00000, 1.18062, 0.48920,361.84428,2158.35454,2210.29373,-1.97764, 0.00000, 0.00000,
22.00000,10839.74627,-0.00000,-559.09200,-0.00000,-4.17653,-0.00000,547.63627, 2.12777, 0.00000,-0.00000, 0.61937,-0.00000, 0.01942,-0.00000, 1.18168, 0.48944,362.27349,2158.82397,2210.29373,-1.97764, 0.00000, 0.00000,
22.10000,10894.19561,-0.00000,-565.07698,-0.00000,-4.11444,-0.00000,547.90888, 2.12656, 0.00000,-0.00000, 0.62237,-0.00000, 0.01930,-0.00000, 1.18273, 0.48967,362.69717,2159.28906,2210.29373,-1.97764, 0.00000, 0.00000,
22.20000,10948.67845,-0.00000,-571.00459,-0.00000,-4.05206,-0.00000,548.17750, 2.12536, 0.00000,-0.00000, 0.62532,-0.00000, 0.01918,-0.00000, 1.18377, 0.48990,363.11528,2159.74977,2210.29373,-1.97764, 0.00000, 0.00000,
22.30000,11003.19436,-0.00000,-576.87446,-0.00000,-3.98938,-0.00000,548.44213, 2.12419, 0.00000,-0.00000, 0.62823,-0.00000, 0.01906,-0.00000, 1.18480, 0.49013,363.52780,2160.20606,2210.29373,-1.97764, 0.00000, 0.00000,
22.40000,11057.74291,-0.00000,-582.68623,-0.00000,-3.92641,-0.00000,548.70276, 2.12303, 0.00000,-0.00000, 0.63111,-0.00000, 0.01894,-0.00000, 1.18581, 0.49035,363.93469,2160.65792,2210.29373,-1.97764, 0.00000, 0.00000,
22.50000,11112.32366,-0.00000,-588.43953,-0.00000,-3.86316,-0.00000,548.95937, 2.12190, 0.00000,-0.00000, 0.63394,-0.00000, 0.01882,-0.00000, 1.18680, 0.49057,364.33593,2161.10531,2210.29373,-1.97764, 0.00000, 0.00000,
22.60000,11166.93618,-0.00000,-594.13401,-0.00000,-3.79963,-0.00000,549.21197, 2.12078, 0.00000,-0.00000, 0.63672,-0.00000, 0.01871,-0.00000, 1.18779, 0.49078,364.73149,2161.54819,2210.29373,-1.97764, 0.00000, 0.00000,
22.70000,11221.58002,-0.00000,-599.76930,-0.00000,-3.73582,-0.00000,549.46054, 2.11968, 0.00000,-0.00000, 0.63947,-0.00000, 0.01859,-0.00000, 1.18875, 0.49100,365.12134,2161.98655,2210.29373,-1.97764, 0.00000, 0.00000,
22.80000,11276.25476,-0.00000,-605.34507,-0.00000,-3.67173,-0.00000,549.70506, 2.11860, 0.00000,-0.00000, 0.64218,-0.00000, 0.01848,-0.00000, 1.18971, 0.49121,365.50546,2162.42034,2210.29373,-1.97764, 0.00000, 0.00000,
22.90000,11330.95994,-0.00000,-610.86097,-0.00000,-3.60738,-0.00000,549.94555, 2.11754, 0.00000,-0.00000, 0.64484,-0.00000, 0.01837,-0.00000, 1.19065, 0.49141,365.88381,2162.84955,2210.29373,-1.97764, 0.00000, 0.00000,
23.00000,11385.69513,-0.00000,-616.31665,-0.00000,-3.54277,-0.00000,550.18197, 2.11650, 0.00000,-0.00000, 0.64746,-0.00000, 0.01826,-0.00000, 1.19158, 0.49161,366.25637,2163.27413,2210.29373,-1.97764, 0.00000, 0.00000,
23.10000,11440.45986,-0.00000,-621.71180,-0.00000,-3.47789,-0.00000,550.41434, 2.11548, 0.00000,-0.00000, 0.65005,-0.00000, 0.01815,-0.00000, 1.19249, 0.49181,366.62312,2163.69408,2210.29373,-1.97764, 0.00000, 0.00000,
23.20000,11495.25370,-0.00000,-627.04608,-0.00000,-3.41276,-0.00000,550.64263, 2.11448, 0.00000,-0.00000, 0.65259,-0.00000, 0.01805,-0.00000, 1.19339, 0.49201,366.98403,2164.10934,2210.29373,-1.97764, 0.00000, 0.00000,
23.30000,11550.07620,-0.00000,-632.31916,-0.00000,-3.34737,-0.00000,550.86685, 2.11350, 0.00000,-0.00000, 0.65508,-0.00000, 0.01794,-0.00000, 1.19428, 0.49220,367.33908,2164.51991,2210.29373,-1.97764, 0.00000, 0.00000,
23.40000,11604.92689,-0.00000,-637.53073,-0.00000,-3.28174,-0.00000,551.08698, 2.11253, 0.00000,-0.00000, 0.65754,-0.00000, 0.01784,-0.00000, 1.19515, 0.49238,367.68824,2164.92575,2210.29373,-1.97764, 0.00000, 0.00000,
23.50000,11659.80533,-0.00000,-642.68047,-0.00000,-3.21587,-0.00000,551.30301, 2.11159, 0.00000,-0.00000, 0.65995,-0.00000, 0.01774,-0.00000, 1.19600, 0.49257,368.03148,2165.32684,2210.29373,-1.97764, 0.00000, 0.00000,
23.60000,11714.71105,-0.00000,-647.76807,-0.00000,-3.14975,-0.00000,551.51495, 2.11067, 0.00000,-0.00000, 0.66233,-0.00000, 0.01764,-0.00000, 1.19684, 0.49275,368.36880,2165.72314,2210.29373,-1.97764, 0.00000, 0.00000,
23.70000,11769.64360,-0.00000,-652.79324,-0.00000,-3.08340,-0.00000,551.72279, 2.10976, 0.00000,-0.00000, 0.66466,-0.00000, 0.01755,-0.00000, 1.19767, 0.49293,368.70016,2166.11464,2210.29373,-1.97764, 0.00000, 0.00000,
23.80000,11824.60251,-0.00000,-657.75567,-0.00000,-3.01682,-0.00000,551.92651, 2.10887, 0.00000,-0.00000, 0.66695,-0.00000, 0.01745,-0.00000, 1.19848, 0.49310,369.02554,2166.50131,2210.29373,-1.97764, 0.00000, 0.00000,
23.90000,11879.58733,-0.00000,-662.65507,-0.00000,-2.95001,-0.00000,552.12611, 2.10800, 0.00000,-0.00000, 0.66920,-0.00000, 0.01736,-0.00000, 1.19928, 0.49327,369.34492,2166.88312,2210.29373,-1.97764, 0.00000, 0.00000,
24.00000,11934.59758,-0.00000,-667.49116,-0.00000,-2.88298,-0.00000,552.32159, 2.10715,-0.00000,-0.00000, 0.67140,-0.00000, 0.01727,-0.00000, 1.20007, 0.49344,369.65829,2167.26005,2210.29373,-1.97764, 0.00000, 0.00000,
24.10000,11989.63279,-0.00000,-672.26364,-0.00000,-2.81574,-0.00000,552.51295, 2.10632,-0.00000,-0.00000, 0.67357,-0.00000, 0.01718,-0.00000, 1.20084, 0.49360,369.96561,2167.63207,2210.29373,-1.97764, 0.00000, 0.00000,
24.20000,12044.69251,-0.00000,-676.97224,-0.00000,-2.74827,-0.00000,552.70016, 2.10551,-0.00000,-0.00000, 0.67569,-0.00000, 0.01709,-0.00000, 1.20159, 0.49376,370.26688,2167.99917,2210.29373,-1.97764, 0.00000, 0.00000,
24.30000,12099.77626,-0.00000,-681.61670,-0.00000,-2.68060,-0.00000,552.88324, 2.10472,-0.00000,-0.00000, 0.67777,-0.00000, 0.01700,-0.00000, 1.20233, 0.49391,370.56207,2168.36131,2210.29373,-1.97764, 0.00000, 0.00000,
24.40000,12154.88356,-0.00000,-686.19673,-0.00000,-2.61272,-0.00000,553.06218, 2.10394,-0.00000,-0.00000, 0.67981,-0.00000, 0.01692, 0.00000, 1.20305, 0.49407,370.85116,2168.71848,2210.29373,-1.97764, 0.00000, 0.00000,
24.50000,12210.01395,-0.00000,-690.71209,-0.00000,-2.54464,-0.00000,553.23697, 2.10319,-0.00000,-0.00000, 0.68181,-0.00000, 0.01684, 0.00000, 1.20376, 0.49421,371.13413,2169.07065,2210.29373,-1.97764, 0.00000, 0.00000,
24.60000,12265.16694,-0.00000,-695.16251,-0.00000,-2.47636,-0.00000,553.40760, 2.10245,-0.00000,-0.00000, 0.68377,-0.00000, 0.01676, 0.00000, 1.20446, 0.49436,371.41098,2169.41780,2210.29373,-1.97764, 0.00000, 0.00000,
24.70000,12320.34207,-0.00000,-699.54774,-0.00000,-2.40789,-0.00000,553.57408, 2.10173,-0.00000,-0.00000, 0.68568,-0.00000, 0.01668, 0.00000, 1.20514, 0.49450,371.68168,2169.75991,2210.29373,-1.97764, 0.00000, 0.00000,
24.80000,12375.53884,-0.00000,-703.86754,-0.00000,-2.33922,-0.00000,553.73640, 2.10103,-0.00000,-0.00000, 0.68755,-0.00000, 0.01660, 0.00000, 1.20580, 0.49464,371.94621,2170.09695,2210.29373,-1.97764, 0.00000, 0.00000,
24.90000,12430.75679,-0.00000,-708.12167,-0.00000,-2.27038,-0.00000,553.89456, 2.10035,-0.00000,-0.00000, 0.68938,-0.00000, 0.01653, 0.00000, 1.20645, 0.49477,372.20457,2170.42892,2210.29373,-1.97764, 0.00000, 0.00000,
25.00000,12485.99543,-0.00000,-712.30988,-0.00000,-2.20135,-0.00000,554.04855, 2.09969,-0.00000,-0.00000, 0.69117,-0.00000, 0.01645, 0.00000, 1.20709, 0.49490,372.45672,2170.75578,2210.29373,-1.97764, 0.00000, 0.00000,
25.10000,12541.25428,-0.00000,-716.43196,-0.00000,-2.13214,-0.00000,554.19838, 2.09904,-0.00000,-0.00000, 0.69292,-0.00000, 0.01638, 0.00000, 1.20771, 0.49503,372.70267,2171.07752,2210.29373,-1.97764, 0.00000, 0.00000,
25.20000,12596.53285,-0.00000,-720.48768,-0.00000,-2.06277,-0.00000,554.34403, 2.09842,-0.00000,-0.00000, 0.69463,-0.00000, 0.01631, 0.00000, 1.20831, 0.49515,372.94240,2171.39411,2210.29373,-1.97764, 0.00000, 0.00000,
25.30000,12651.83065,-0.00000,-724.47681,-0.00000,-1.99322,-0.00000,554.48551, 2.09781,-0.00000,-0.00000, 0.69629,-0.00000, 0.01625, 0.00000, 1.20890, 0.49527,373.17589,2171.70555,2210.29373,-1.97764, 0.00000, 0.00000,
25.40000,12707.14721,-0.00000,-728.39915,-0.00000,-1.92351,-0.00000,554.62281, 2.09722,-0.00000,-0.00000, 0.69791,-0.00000, 0.01618, 0.00000, 1.20948, 0.49539,373.40313,2172.01180,2210.29373,-1.97764, 0.00000, 0.00000,
25.50000,12762.48204,-0.00000,-732.25448,-0.00000,-1.85364,-0.00000,554.75593, 2.09665,-0.00000,-0.00000, 0.69949,-0.00000, 0.01612, 0.00000, 1.21004, 0.49550,373.62411,2172.31286,2210.29373,-1.97764, 0.00000, 0.00000,
25.60000,12817.83464,-0.00000,-736.04261,-0.00000,-1.78361,-0.00000,554.88487, 2.09610,-0.00000,-0.00000, 0.70103,-0.00000, 0.01605, 0.00000, 1.21058, 0.49561,373.83882,2172.60870,2210.29373,-1.97764, 0.00000, 0.00000,
25.70000,12873.20452,-0.00000,-739.76334,-0.00000,-1.71343,-0.00000,555.00964, 2.09556,-0.00000,-0.00000, 0.70253,-0.00000, 0.01599, 0.00000, 1.21111, 0.49571,374.04725,2172.89931,2210.29373,-1.97764, 0.00000, 0.00000,
25.80000,12928.59120,-0.00000,-743.41647,-0.00000,-1.64311,-0.00000,555.13022, 2.09505,-0.00000,-0.00000, 0.70398,-0.00000, 0.01594, 0.00000, 1.21162, 0.49581,374.24938,2173.18467,2210.29373,-1.97764, 0.00000, 0.00000,
25.90000,12983.99419,-0.00000,-747.00183,-0.00000,-1.57264,-0.00000,555.24662, 2.09455,-0.00000,-0.00000, 0.70540,-0.00000, 0.01588, 0.00000, 1.21212, 0.49591,374.44520,2173.46476,2210.29373,-1.97764, 0.00000, 0.00000,
26.00000,13039.41298,-0.00000,-750.51922,-0.00000,-1.50203,-0.00000,555.35883, 2.09407,-0.00000,-0.00000, 0.70677,-0.00000, 0.01582, 0.00000, 1.21261, 0.49601,374.63471,2173.73958,2210.29373,-1.97764, 0.00000, 0.00000,
26.10000,13094.84709,-0.00000,-753.96847,-0.00000,-1.43129,-0.00000,555.46686, 2.09361,-0.00000,-0.00000, 0.70810,-0.00000, 0.01577, 0.00000, 1.21307, 0.49610,374.81791,2174.00910,2210.29373,-1.97764, 0.00000, 0.00000,
26.20000,13150.29602,-0.00000,-757.34942,-0.00000,-1.36041,-0.00000,555.57071, 2.09316,-0.00000,-0.00000, 0.70939,-0.00000, 0.01572, 0.00000, 1.21352, 0.49618,374.99477,2174.27330,2210.29373,-1.97764, 0.00000, 0.00000,
26.30000,13205.75927,-0.00000,-760.66191,-0.00000,-1.28941,-0.00000,555.67037, 2.09274,-0.00000,-0.00000, 0.71064,-0.00000, 0.01567, 0.00000, 1.21396, 0.49627,375.16529,2174.53218,2210.29373,-1.97764, 0.00000, 0.00000,
26.40000,13261.23636,-0.00000,-763.90576,-0.00000,-1.21829,-0.00000,555.76584, 2.09233,-0.00000,-0.00000, 0.71184,-0.00000, 0.01562, 0.00000, 1.21438, 0.49635,375.32947,2174.78573,2210.29373,-1.97764, 0.00000, 0.00000,
26.50000,13316.72678,-0.00000,-767.08084,-0.00000,-1.14704,-0.00000,555.85714, 2.09194,-0.00000,-0.00000, 0.71301,-0.00000, 0.01558, 0.00000, 1.21479, 0.49642,375.48730,2175.03392,2210.29373,-1.97764, 0.00000, 0.00000,
26.60000,13372.23003,-0.00000,-770.18698,-0.00000,-1.07569,-0.00000,555.94425, 2.09157,-0.00000,-0.00000, 0.71413,-0.00000, 0.01553, 0.00000, 1.21518, 0.49649,375.63878,2175.27674,2210.29373,-1.97764, 0.00000, 0.00000,
26.70000,13427.74562,-0.00000,-773.22406,-0.00000,-1.00422,-0.00000,556.02718, 2.09121,-0.00000,-0.00000, 0.71521,-0.00000, 0.01549, 0.00000, 1.21555, 0.49656,375.78389,2175.51418,2210.29373,-1.97764, 0.00000, 0.00000,
26.80000,13483.27305,-0.00000,-776.19194,-0.00000,-0.93264,-0.00000,556.10593, 2.09088,-0.00000,-0.00000, 0.71625,-0.00000, 0.01545, 0.00000, 1.21591, 0.49663,375.92264,2175.74624,2210.29373,-1.97764, 0.00000, 0.00000,
26.90000,13538.81182,-0.00000,-779.09048,-0.00000,-0.86097,-0.00000,556.18051, 2.09056,-0.00000,-0.00000, 0.71725,-0.00000, 0.01542, 0.00000, 1.21626, 0.49669,376.05502,2175.97289,2210.29373,-1.97764, 0.00000, 0.00000,
27.00000,13594.36143,-0.00000,-781.91957,-0.00000,-0.78919,-0.00000,556.25090, 2.09026,-0.00000,-0.00000, 0.71821,-0.00000, 0.01538, 0.00000, 1.21658, 0.49675,376.18102,2176.19413,2210.29373,-1.97764, 0.00000, 0.00000,
27.10000,13649.92137,-0.00000,-784.67907,-0.00000,-0.71733,-0.00000,556.31712, 2.08997,-0.00000,-0.00000, 0.71913,-0.00000, 0.01535, 0.00000, 1.21690, 0.49680,376.30065,2176.40995,2210.29373,-1.97764, 0.00000, 0.00000,
27.20000,13705.49116,-0.00000,-787.36888,-0.00000,-0.64537,-0.00000,556.37917, 2.08971,-0.00000,-0.00000, 0.72000,-0.00000, 0.01531, 0.00000, 1.21719, 0.49685,376.41390,2176.62033,2210.29373,-1.97764, 0.00000, 0.00000,
27.30000,13761.07028,-0.00000,-789.98890,-0.00000,-0.57333,-0.00000,556.43705, 2.08946,-0.00000,-0.00000, 0.72084,-0.00000, 0.01528, 0.00000, 1.21748, 0.49690,376.52077,2176.82527,2210.29373,-1.97764, 0.00000, 0.00000,
27.40000,13816.65824,-0.00000,-792.53901,-0.00000,-0.50120,-0.00000,556.49076, 2.08923,-0.00000,-0.00000, 0.72163,-0.00000, 0.01525, 0.00000, 1.21774, 0.49694,376.62126,2177.02475,2210.29373,-1.97764, 0.00000, 0.00000,
27.50000,13872.25453,-0.00000,-795.01912,-0.00000,-0.42900,-0.00000,556.54031, 2.08902,-0.00000,-0.00000, 0.72238,-0.00000, 0.01523, 0.00000, 1.21799, 0.49698,376.71537,2177.21878,2210.29373,-1.97764, 0.00000, 0.00000,
27.60000,13927.85866,-0.00000,-797.42915,-0.00000,-0.35673,-0.00000,556.58570, 2.08883,-0.00000,-0.00000, 0.72309,-0.00000, 0.01520, 0.00000, 1.21823, 0.49702,376.80310,2177.40733,2210.29373,-1.97764, 0.00000, 0.00000,
27.70000,13983.47012,-0.00000,-799.76900,-0.00000,-0.28439,-0.00000,556.62693, 2.08865,-0.00000,-0.00000, 0.72376,-0.00000, 0.01518, 0.00000, 1.21845, 0.49705,376.88445,2177.59041,2210.29373,-1.97764, 0.00000, 0.00000,
27.80000,14039.08841,-0.00000,-802.03860,-0.00000,-0.21198,-0.00000,556.66400, 2.08849,-0.00000,-0.00000, 0.72439,-0.00000, 0.01516, 0.00000, 1.21865, 0.49708,376.95942,2177.76800,2210.29373,-1.97764, 0.00000, 0.00000,
27.90000,14094.71303,-0.00000,-804.23788,-0.00000,-0.13951,-0.00000,556.69693, 2.08835,-0.00000,-0.00000, 0.72498,-0.00000, 0.01514, 0.00000, 1.21884, 0.49711,377.02801,2177.94010,2210.29373,-1.97764, 0.00000, 0.00000,
28.00000,14150.34347,-0.00000,-806.36675,-0.00000,-0.06698,-0.00000,556.72571, 2.08823,-0.00000,-0.00000, 0.72553,-0.00000, 0.01512, 0.00000, 1.21901, 0.49713,377.09022,2178.10670,2210.29373,-1.97764, 0.00000, 0.00000,
28.10000,14205.97924,-0.00000,-808.42517,-0.00000, 0.00559,-0.00000,556.75035, 2.08812,-0.00000,-0.00000, 0.72603,-0.00000, 0.01511, 0.00000, 1.21917, 0.49715,377.14607,2178.26780,2210.29373,-1.97764, 0.00000, 0.00000,
28.20000,14261.61983,-0.00000,-810.41307,-0.00000, 0.07822,-0.00000,556.77085, 2.08803,-0.00000,-0.00000, 0.72650,-0.00000, 0.01509, 0.00000, 1.21931, 0.49716,377.19554,2178.42339,2210.29373,-1.97764, 0.00000, 0.00000,
28.30000,14317.26474,-0.00000,-812.33041,-0.00000, 0.15089,-0.00000,556.78722, 2.08796,-0.00000,-0.00000, 0.72692,-0.00000, 0.01508, 0.00000, 1.21944, 0.49717,377.23866,2178.57346,2210.29373,-1.97764, 0.00000, 0.00000,
28.40000,14372.91347,-0.00000,-814.17713,-0.00000, 0.22360,-0.00000,556.79947, 2.08790,-0.00000,-0.00000, 0.72730,-0.00000, 0.01507, 0.00000, 1.21955, 0.49718,377.27541,2178.71802,2210.29373,-1.97764, 0.00000, 0.00000,
28.50000,14428.56552,-0.00000,-815.95320,-0.00000, 0.29635,-0.00000,556.80759, 2.08787,-0.00000,-0.00000, 0.72765,-0.00000, 0.01507, 0.00000, 1.21964, 0.49719,377.30581,2178.85705,2210.29373,-1.97764, 0.00000, 0.00000,
28.60000,14484.22039,-0.00000,-817.65859,-0.00000, 0.36913,-0.00000,556.81159, 2.08785,-0.00000,-0.00000, 0.72795,-0.00000, 0.01506, 0.00000, 1.21972, 0.49719,377.32986,2178.99055,2210.29373,-1.97764, 0.00000, 0.00000,
28.70000,14539.87757,-0.00000,-819.29326,-0.00000, 0.44194,-0.00000,556.81149, 2.08785,-0.00000,-0.00000, 0.72821,-0.00000, 0.01506, 0.00000, 1.21979, 0.49718,377.34757,2179.11853,2210.29373,-1.97764, 0.00000, 0.00000,
28.80000,14595.53658,-0.00000,-820.85719,-0.00000, 0.51477,-0.00000,556.80728, 2.08786,-0.00000,-0.00000, 0.72843,-0.00000, 0.01505, 0.00000, 1.21983, 0.49718,377.35894,2179.24097,2210.29373,-1.97764, 0.00000, 0.00000,
28.90000,14651.19689,-0.00000,-822.35036,-0.00000, 0.58763,-0.00000,556.79898, 2.08789,-0.00000,-0.00000, 0.72861,-0.00000, 0.01505, 0.00000, 1.21987, 0.49717,377.36399,2179.35788,2210.29373,-1.97764, 0.00000, 0.00000,
29.00000,14706.85803,-0.00000,-823.77276,-0.00000, 0.66049,-0.00000,556.78658, 2.08794,-0.00000,-0.00000, 0.72875,-0.00000, 0.01505, 0.00000, 1.21989, 0.49715,377.36271,2179.46925,2210.29373,-1.97764, 0.00000, 0.00000,
29.10000,14762.51949,-0.00000,-825.12439,-0.00000, 0.73337,-0.00000,556.77010, 2.08801,-0.00000,-0.00000, 0.72885,-0.00000, 0.01506, 0.00000, 1.21989, 0.49714,377.35513,2179.57508,2210.29373,-1.97764, 0.00000, 0.00000,
29.20000,14818.18076,-0.00000,-826.40524,-0.00000, 0.80626,-0.00000,556.74953, 2.08809,-0.00000,-0.00000, 0.72891,-0.00000, 0.01506, 0.00000, 1.21988, 0.49712,377.34124,2179.67538,2210.29373,-1.97764, 0.00000, 0.00000,
29.30000,14873.84136,-0.00000,-827.61533,-0.00000, 0.87916,-0.00000,556.72490, 2.08820,-0.00000,-0.00000, 0.72893,-0.00000, 0.01507, 0.00000, 1.21985, 0.49709,377.32107,2179.77014,2210.29373,-1.97764, 0.00000, 0.00000,
29.40000,14929.50079,-0.00000,-828.75464,-0.00000, 0.95205,-0.00000,556.69621, 2.08831,-0.00000,-0.00000, 0.72891,-0.00000, 0.01508, 0.00000, 1.21980, 0.49706,377.29461,2179.85936,2210.29373,-1.97764, 0.00000, 0.00000,
29.50000,14985.15854,-0.00000,-829.82322,-0.00000, 1.02494,-0.00000,556.66346, 2.08845,-0.00000,-0.00000, 0.72885,-0.00000, 0.01509, 0.00000, 1.21974, 0.49703,377.26188,2179.94304,2210.29373,-1.97764, 0.00000, 0.00000,
29.60000,15040.81414,-0.00000,-830.82107,-0.00000, 1.09782,-0.00000,556.62666, 2.08860,-0.00000,-0.00000, 0.72875,-0.00000, 0.01510, 0.00000, 1.21967, 0.49700,377.22290,2180.02119,2210.29373,-1.97764, 0.00000, 0.00000,
29.70000,15096.46707,-0.00000,-831.74822,-0.00000, 1.17069,-0.00000,556.58582, 2.08877,-0.00000,-0.00000, 0.72861,-0.00000, 0.01512, 0.00000, 1.21958, 0.49696,377.17766,2180.09380,2210.29373,-1.97764, 0.00000, 0.00000,
29.80000,15152.11684,-0.00000,-832.60471,-0.00000, 1.24354,-0.00000,556.54094, 2.08896,-0.00000,-0.00000, 0.72843,-0.00000, 0.01513, 0.00000, 1.21948, 0.49692,377.12619,2180.16088,2210.29373,-1.97764, 0.00000, 0.00000,
29.90000,15207.76297,-0.00000,-833.39057,-0.00000, 1.31637,-0.00000,556.49205, 2.08916,-0.00000,-0.00000, 0.72821,-0.00000, 0.01515, 0.00000, 1.21936, 0.49687,377.06850,2180.22243,2210.29373,-1.97764, 0.00000, 0.00000,
30.00000,15263.40497,-0.00000,-834.10585,-0.00000, 1.38918,-0.00000,556.43914, 2.08938,-0.00000,-0.00000, 0.72795,-0.00000, 0.01517, 0.00000, 1.21922, 0.49683,377.00461,2180.27845,2210.29373,-1.97764, 0.00000, 0.00000,
